1 0.453385416667 0.360185185185 0.596354166667 0.72037037037
0 0.846354166667 0.466666666667 0.08125 0.183333333333
0 0.962239583333 0.50787037037 0.0744791666667 0.20462962963
0 0.905729166667 0.233796296296 0.0239583333333 0.0287037037037
0 0.736458333333 0.228703703704 0.0354166666667 0.0296296296296
6 0.8375 0.251388888889 0.0302083333333 0.0231481481481
5 0.823697916667 0.250462962963 0.00572916666667 0.0212962962963
5 0.827864583333 0.25 0.00572916666667 0.0259259259259
6 0.8671875 0.240740740741 0.01875 0.0203703703704
1 0.981770833333 0.227314814815 0.0354166666667 0.0509259259259
0 0.984895833333 0.235648148148 0.0291666666667 0.025
