0 0.8203125 0.325 0.0364583333333 0.037037037037
6 0.683072916667 0.311574074074 0.0171875 0.0212962962963
0 0.754427083333 0.315277777778 0.0369791666667 0.0287037037037
0 0.78984375 0.316666666667 0.0348958333333 0.0277777777778
1 0.774739583333 0.302314814815 0.0348958333333 0.062037037037
6 0.655208333333 0.319444444444 0.028125 0.0222222222222
5 0.64375 0.319444444444 0.003125 0.0222222222222
5 0.646875 0.319444444444 0.00520833333333 0.0259259259259
0 0.723958333333 0.629166666667 0.164583333333 0.380555555556
0 0.655989583333 0.556018518519 0.2921875 0.186111111111
1 0.373177083333 0.360648148148 0.509895833333 0.721296296296
0 0.985416666667 0.368055555556 0.028125 0.0305555555556
