0 0.740104166667 0.602314814815 0.165625 0.386111111111
0 0.885677083333 0.511111111111 0.121354166667 0.118518518519
0 0.836197916667 0.517592592593 0.0661458333333 0.131481481481
0 0.478645833333 0.510648148148 0.234375 0.199074074074
0 0.566927083333 0.27037037037 0.0369791666667 0.0407407407407
0 0.609375 0.28287037037 0.034375 0.025
0 0.739583333333 0.293055555556 0.0270833333333 0.0305555555556
0 0.770052083333 0.299537037037 0.0317708333333 0.025
6 0.69921875 0.298611111111 0.0151041666667 0.0157407407407
6 0.672916666667 0.306481481481 0.0291666666667 0.0203703703704
5 0.6609375 0.306481481481 0.00520833333333 0.0185185185185
5 0.665625 0.307407407407 0.00520833333333 0.0185185185185
1 0.488802083333 0.363888888889 0.766145833333 0.727777777778
