0 0.74375 0.576388888889 0.172916666667 0.391666666667
0 0.83984375 0.499074074074 0.0619791666667 0.135185185185
0 0.885677083333 0.486111111111 0.124479166667 0.116666666667
0 0.460677083333 0.48287037037 0.231770833333 0.186111111111
0 0.571614583333 0.246759259259 0.0369791666667 0.0361111111111
0 0.623697916667 0.260185185185 0.0328125 0.0277777777778
0 0.752864583333 0.269444444444 0.0255208333333 0.0314814814815
0 0.784375 0.275925925926 0.03125 0.0296296296296
1 0.798958333333 0.260185185185 0.0520833333333 0.062962962963
6 0.7046875 0.274537037037 0.0166666666667 0.0175925925926
6 0.67734375 0.282407407407 0.0286458333333 0.0185185185185
5 0.665625 0.282407407407 0.00520833333333 0.0185185185185
5 0.670052083333 0.282407407407 0.0046875 0.0185185185185
1 0.559635416667 0.355555555556 0.827604166667 0.709259259259
