0 0.876822916667 0.426851851852 0.0380208333333 0.0425925925926
0 0.538802083333 0.358333333333 0.0328125 0.0296296296296
0 0.66015625 0.378703703704 0.0317708333333 0.0314814814815
0 0.74609375 0.393981481481 0.0338541666667 0.0287037037037
1 0.765625 0.388425925926 0.040625 0.0546296296296
0 0.851822916667 0.618055555556 0.1265625 0.106481481481
0 0.808333333333 0.613425925926 0.0614583333333 0.128703703704
0 0.715885416667 0.713425925926 0.171354166667 0.369444444444
0 0.575520833333 0.615740740741 0.279166666667 0.224074074074
1 0.47890625 0.406481481481 0.7921875 0.812962962963
