1 0.454947916667 0.402777777778 0.497395833333 0.714814814815
0 0.8328125 0.633796296296 0.178125 0.360185185185
0 0.665104166667 0.547685185185 0.285416666667 0.19537037037
0 0.947135416667 0.325 0.0213541666667 0.0222222222222
0 0.871875 0.318518518519 0.0125 0.0185185185185
0 0.89609375 0.31712962963 0.0338541666667 0.025
0 0.910416666667 0.319907407407 0.0260416666667 0.0194444444444
0 0.844010416667 0.313888888889 0.0328125 0.0240740740741
0 0.819270833333 0.308333333333 0.03125 0.0296296296296
1 0.9046875 0.305555555556 0.0479166666667 0.0537037037037
6 0.790885416667 0.316203703704 0.0171875 0.0138888888889
6 0.763020833333 0.324074074074 0.03125 0.0166666666667
5 0.751302083333 0.324537037037 0.00572916666667 0.0175925925926
5 0.754947916667 0.324537037037 0.0046875 0.0175925925926
