0 0.728385416667 0.599537037037 0.166145833333 0.352777777778
0 0.8578125 0.546296296296 0.245833333333 0.161111111111
0 0.9890625 0.5125 0.0208333333333 0.0935185185185
0 0.47109375 0.497222222222 0.2921875 0.207407407407
1 0.539583333333 0.366666666667 0.811458333333 0.733333333333
0 0.640625 0.270833333333 0.0333333333333 0.0305555555556
0 0.676041666667 0.276851851852 0.0302083333333 0.0240740740741
0 0.721875 0.283796296296 0.0322916666667 0.0231481481481
6 0.69375 0.287037037037 0.015625 0.0148148148148
6 0.667447916667 0.29537037037 0.0286458333333 0.0185185185185
5 0.65625 0.294907407407 0.00416666666667 0.0175925925926
5 0.66015625 0.295833333333 0.0046875 0.0175925925926
