1 0.453645833333 0.5125 0.55 0.591666666667
0 0.941927083333 0.628240740741 0.115104166667 0.249074074074
0 0.890885416667 0.576851851852 0.0921875 0.17037037037
0 0.88203125 0.351388888889 0.0348958333333 0.025
0 0.708333333333 0.332407407407 0.0322916666667 0.0277777777778
0 0.9390625 0.356018518519 0.0364583333333 0.025
1 0.93984375 0.340740740741 0.0536458333333 0.0611111111111
6 0.823177083333 0.351388888889 0.0171875 0.0157407407407
6 0.793489583333 0.358333333333 0.0317708333333 0.0185185185185
5 0.781770833333 0.35787037037 0.00520833333333 0.0175925925926
5 0.7859375 0.359722222222 0.00520833333333 0.0194444444444
