0 0.898697916667 0.590277777778 0.1328125 0.150925925926
0 0.979427083333 0.639351851852 0.0401041666667 0.208333333333
1 0.480729166667 0.427314814815 0.415625 0.74537037037
0 0.583333333333 0.60462962963 0.289583333333 0.201851851852
0 0.940885416667 0.384722222222 0.0442708333333 0.0287037037037
1 0.9375 0.378703703704 0.025 0.0425925925926
6 0.82734375 0.378240740741 0.0171875 0.0157407407407
6 0.798697916667 0.3875 0.0307291666667 0.0212962962963
5 0.786458333333 0.384259259259 0.00520833333333 0.0166666666667
5 0.791666666667 0.386574074074 0.00416666666667 0.0212962962963
