0 0.914583333333 0.365277777778 0.0375 0.0287037037037
0 0.933072916667 0.582407407407 0.131770833333 0.151851851852
0 0.967447916667 0.606944444444 0.0640625 0.184259259259
0 0.555729166667 0.578703703704 0.288541666667 0.192592592593
1 0.437760416667 0.406018518519 0.388020833333 0.710185185185
1 0.901822916667 0.363888888889 0.0317708333333 0.0333333333333
6 0.799739583333 0.357407407407 0.0182291666667 0.0185185185185
6 0.771875 0.365277777778 0.03125 0.0194444444444
5 0.759895833333 0.365277777778 0.00416666666667 0.0194444444444
5 0.764322916667 0.365277777778 0.0046875 0.0194444444444
