0 0.842447916667 0.613425925926 0.177604166667 0.369444444444
1 0.461979166667 0.406481481481 0.419791666667 0.642592592593
0 0.964322916667 0.534722222222 0.0703125 0.156481481481
0 0.950520833333 0.293981481481 0.0395833333333 0.037962962963
0 0.88125 0.286111111111 0.0125 0.0185185185185
0 0.91484375 0.287037037037 0.0348958333333 0.0222222222222
1 0.91640625 0.285648148148 0.0536458333333 0.0342592592593
0 0.828385416667 0.283796296296 0.0338541666667 0.0268518518519
6 0.79921875 0.286111111111 0.0161458333333 0.0148148148148
6 0.771354166667 0.29537037037 0.03125 0.0203703703704
5 0.759375 0.296296296296 0.00520833333333 0.0185185185185
5 0.7640625 0.297222222222 0.00520833333333 0.0185185185185
