1 0.558072916667 0.408333333333 0.7921875 0.816666666667
0 0.755208333333 0.720833333333 0.184375 0.328703703704
0 0.45 0.594907407407 0.280208333333 0.189814814815
0 0.861197916667 0.613888888889 0.143229166667 0.131481481481
0 0.711458333333 0.576388888889 0.0791666666667 0.128703703704
0 0.617708333333 0.359259259259 0.03125 0.0296296296296
6 0.725 0.388425925926 0.015625 0.0157407407407
0 0.7515625 0.387962962963 0.03125 0.0240740740741
6 0.698697916667 0.393055555556 0.0296875 0.0194444444444
5 0.676302083333 0.390277777778 0.00364583333333 0.0175925925926
5 0.679427083333 0.391666666667 0.00364583333333 0.0185185185185
