0 0.872395833333 0.625462962963 0.126041666667 0.139814814815
0 0.730729166667 0.585185185185 0.0770833333333 0.118518518519
0 0.755989583333 0.733796296296 0.1890625 0.334259259259
1 0.551302083333 0.411574074074 0.780729166667 0.823148148148
0 0.457291666667 0.598148148148 0.248958333333 0.209259259259
0 0.5953125 0.3625 0.03125 0.0287037037037
0 0.756770833333 0.401388888889 0.0322916666667 0.0231481481481
6 0.73046875 0.4 0.0151041666667 0.0166666666667
6 0.702864583333 0.406018518519 0.0286458333333 0.0175925925926
5 0.680729166667 0.400462962963 0.00416666666667 0.0157407407407
5 0.684635416667 0.401851851852 0.0046875 0.0166666666667
