1 0.388541666667 0.499537037037 0.384375 0.999074074074
0 0.47890625 0.448148148148 0.271354166667 0.203703703704
0 0.786458333333 0.548611111111 0.173958333333 0.349074074074
0 0.93125 0.443518518519 0.136458333333 0.124074074074
6 0.719791666667 0.2375 0.0302083333333 0.0175925925926
5 0.707552083333 0.238425925926 0.0046875 0.0175925925926
5 0.7125 0.238425925926 0.00416666666667 0.0175925925926
6 0.747395833333 0.229166666667 0.0166666666667 0.0138888888889
0 0.775520833333 0.223611111111 0.0322916666667 0.0194444444444
0 0.782552083333 0.22037037037 0.0328125 0.0314814814815
0 0.808333333333 0.226388888889 0.034375 0.0231481481481
0 0.85390625 0.228703703704 0.0380208333333 0.0277777777778
0 0.827083333333 0.231018518519 0.0125 0.0194444444444
0 0.900520833333 0.2375 0.03125 0.0231481481481
1 0.865104166667 0.225 0.0416666666667 0.0351851851852
