0 0.884375 0.448611111111 0.201041666667 0.349074074074
0 0.977604166667 0.365277777778 0.04375 0.136111111111
1 0.486197916667 0.330555555556 0.5109375 0.661111111111
0 0.951302083333 0.136574074074 0.0390625 0.025
0 0.940625 0.135185185185 0.0354166666667 0.0203703703704
1 0.950260416667 0.133333333333 0.0380208333333 0.0333333333333
0 0.87109375 0.1375 0.0359375 0.0268518518519
6 0.8265625 0.147685185185 0.0166666666667 0.012037037037
0 0.782291666667 0.143518518519 0.034375 0.0222222222222
0 0.670572916667 0.143981481481 0.0359375 0.0231481481481
