1 0.54296875 0.371296296296 0.333854166667 0.542592592593
0 0.864322916667 0.514814814815 0.174479166667 0.3
0 0.77421875 0.449537037037 0.125520833333 0.163888888889
0 0.966927083333 0.465277777778 0.0651041666667 0.147222222222
6 0.77109375 0.233796296296 0.0171875 0.0138888888889
0 0.8109375 0.225462962963 0.03125 0.025
0 0.95078125 0.227314814815 0.0380208333333 0.0268518518519
0 0.91484375 0.226388888889 0.0348958333333 0.0231481481481
0 0.940104166667 0.229166666667 0.009375 0.0194444444444
1 0.8703125 0.224074074074 0.0479166666667 0.0222222222222
0 0.834114583333 0.226388888889 0.0307291666667 0.0231481481481
0 0.859635416667 0.225925925926 0.0348958333333 0.0203703703704
