0 0.02109375 0.62037037037 0.0421875 0.272222222222
0 0.0653645833333 0.253240740741 0.1078125 0.0694444444444
1 0.449479166667 0.418055555556 0.357291666667 0.836111111111
0 0.48984375 0.565740740741 0.275520833333 0.207407407407
1 0.937239583333 0.287962962963 0.124479166667 0.138888888889
0 0.89921875 0.33287037037 0.0401041666667 0.0472222222222
0 0.801822916667 0.368518518519 0.0786458333333 0.0537037037037
6 0.668489583333 0.339351851852 0.0234375 0.0212962962963
0 0.818229166667 0.347685185185 0.04375 0.0453703703704
0 0.833072916667 0.343518518519 0.0359375 0.0444444444444
0 0.728645833333 0.350462962963 0.0395833333333 0.0416666666667
