0 0.09296875 0.643518518519 0.1859375 0.412962962963
0 0.245052083333 0.439351851852 0.265104166667 0.213888888889
0 0.311458333333 0.316203703704 0.119791666667 0.123148148148
0 0.08515625 0.145833333333 0.0973958333333 0.0583333333333
0 0.554947916667 0.313888888889 0.115104166667 0.112962962963
1 0.551041666667 0.430092592593 0.542708333333 0.847222222222
0 0.4375 0.163425925926 0.05 0.0435185185185
6 0.477083333333 0.161574074074 0.0364583333333 0.0287037037037
0 0.8375 0.206018518519 0.0322916666667 0.0490740740741
0 0.91015625 0.179166666667 0.0421875 0.0472222222222
1 0.94453125 0.130092592593 0.109895833333 0.139814814815
