0 0.218489583333 0.49212962963 0.222395833333 0.373148148148
1 0.459895833333 0.499537037037 0.647916666667 0.999074074074
0 0.384375 0.329166666667 0.260416666667 0.199074074074
0 0.265625 0.283333333333 0.23125 0.153703703704
0 0.766927083333 0.144444444444 0.0651041666667 0.0833333333333
0 0.53046875 0.0398148148148 0.0453125 0.0314814814815
6 0.618489583333 0.0425925925926 0.0390625 0.0333333333333
6 0.645572916667 0.0472222222222 0.0203125 0.0185185185185
6 0.831770833333 0.0796296296296 0.0260416666667 0.0240740740741
0 0.636979166667 0.050462962963 0.0489583333333 0.0305555555556
