0 0.14296875 0.712037037037 0.238020833333 0.407407407407
1 0.52578125 0.398148148148 0.374479166667 0.796296296296
0 0.15390625 0.533796296296 0.2890625 0.19537037037
0 0.576822916667 0.411111111111 0.1453125 0.15
6 0.54921875 0.246296296296 0.0369791666667 0.0296296296296
6 0.573697916667 0.250925925926 0.0244791666667 0.0203703703704
6 0.75234375 0.280555555556 0.0265625 0.0203703703704
0 0.8625 0.297222222222 0.0239583333333 0.0407407407407
0 0.92109375 0.288425925926 0.0380208333333 0.0453703703704
0 0.875520833333 0.295833333333 0.0479166666667 0.0453703703704
0 0.9875 0.265277777778 0.0239583333333 0.0472222222222
1 0.993229166667 0.209259259259 0.0125 0.0574074074074
