1 0.434375 0.461574074074 0.751041666667 0.915740740741
0 0.238020833333 0.512962962963 0.185416666667 0.327777777778
0 0.355208333333 0.358333333333 0.277083333333 0.181481481481
0 0.43828125 0.3 0.240104166667 0.133333333333
0 0.748958333333 0.1625 0.0791666666667 0.0916666666667
0 0.93046875 0.100462962963 0.0463541666667 0.0435185185185
6 0.859635416667 0.0893518518519 0.0265625 0.025
0 0.601041666667 0.0763888888889 0.0614583333333 0.037962962963
6 0.641927083333 0.0657407407407 0.0390625 0.0333333333333
6 0.66796875 0.0689814814815 0.0276041666667 0.0231481481481
