0 0.115104166667 0.690277777778 0.225 0.425
1 0.50390625 0.384722222222 0.359895833333 0.767592592593
0 0.516927083333 0.480092592593 0.1640625 0.173148148148
0 0.57734375 0.389351851852 0.0984375 0.126851851852
0 0.690104166667 0.340740740741 0.0395833333333 0.0796296296296
6 0.72734375 0.277777777778 0.0255208333333 0.0240740740741
0 0.791145833333 0.311574074074 0.046875 0.0583333333333
0 0.831770833333 0.294444444444 0.0458333333333 0.0388888888889
0 0.88125 0.300925925926 0.03125 0.0537037037037
0 0.91171875 0.287962962963 0.0515625 0.0518518518519
0 0.967447916667 0.269444444444 0.0442708333333 0.0481481481481
1 0.99453125 0.265740740741 0.00989583333333 0.0555555555556
