0 0.01015625 0.577777777778 0.0203125 0.25
1 0.579166666667 0.580092592593 0.832291666667 0.749074074074
1 0.8875 0.171296296296 0.11875 0.142592592593
0 0.12734375 0.133796296296 0.0932291666667 0.0638888888889
6 0.419270833333 0.178703703704 0.0385416666667 0.0277777777778
6 0.446354166667 0.18287037037 0.0239583333333 0.0175925925926
0 0.498177083333 0.185185185185 0.0276041666667 0.0203703703704
6 0.6171875 0.222222222222 0.0239583333333 0.0240740740741
0 0.766927083333 0.249537037037 0.0234375 0.0527777777778
0 0.7765625 0.235185185185 0.0208333333333 0.0444444444444
0 0.735416666667 0.238425925926 0.0416666666667 0.0527777777778
0 0.84296875 0.219444444444 0.0390625 0.0425925925926
