1 0.548177083333 0.502777777778 0.766145833333 0.887037037037
0 0.00911458333333 0.521296296296 0.0182291666667 0.255555555556
0 0.179947916667 0.0300925925926 0.0859375 0.0601851851852
0 0.362239583333 0.0592592592593 0.0442708333333 0.0314814814815
6 0.398177083333 0.0583333333333 0.0380208333333 0.0296296296296
6 0.423177083333 0.062037037037 0.0244791666667 0.0166666666667
0 0.513541666667 0.087962962963 0.0260416666667 0.0333333333333
6 0.5984375 0.104166666667 0.025 0.0231481481481
0 0.698958333333 0.120833333333 0.0395833333333 0.0490740740741
0 0.747135416667 0.130555555556 0.0244791666667 0.05
0 0.755208333333 0.116203703704 0.0166666666667 0.0361111111111
0 0.733854166667 0.121759259259 0.0354166666667 0.0490740740741
0 0.82421875 0.101851851852 0.0380208333333 0.0481481481481
1 0.87890625 0.075462962963 0.0588541666667 0.0953703703704
