0 0.231770833333 0.726851851852 0.209375 0.355555555556
0 0.2015625 0.568055555556 0.278125 0.180555555556
1 0.42734375 0.411574074074 0.753645833333 0.823148148148
6 0.620052083333 0.274074074074 0.0401041666667 0.0296296296296
6 0.645833333333 0.278703703704 0.025 0.0203703703704
6 0.830989583333 0.304166666667 0.0265625 0.0231481481481
0 0.9375 0.317592592593 0.0364583333333 0.0425925925926
0 0.976302083333 0.316666666667 0.0463541666667 0.0444444444444
0 0.6203125 0.443055555556 0.142708333333 0.128703703704
0 0.610416666667 0.391666666667 0.0895833333333 0.0833333333333
