1 0.45 0.390277777778 0.564583333333 0.734259259259
0 0.250260416667 0.371296296296 0.1421875 0.137037037037
1 0.91875 0.236574074074 0.120833333333 0.115740740741
0 0.896354166667 0.247222222222 0.0739583333333 0.0611111111111
0 0.217447916667 0.193055555556 0.0703125 0.0453703703704
0 0.400520833333 0.210648148148 0.0385416666667 0.0361111111111
6 0.428385416667 0.206018518519 0.0369791666667 0.0324074074074
6 0.4515625 0.212037037037 0.0270833333333 0.0222222222222
6 0.624739583333 0.251388888889 0.0244791666667 0.0212962962963
0 0.793229166667 0.270833333333 0.0458333333333 0.0453703703704
0 0.75078125 0.271296296296 0.0432291666667 0.0407407407407
