0 0.0854166666667 0.570833333333 0.170833333333 0.423148148148
1 0.619791666667 0.439351851852 0.759375 0.632407407407
0 0.827083333333 0.19537037037 0.0625 0.0481481481481
0 0.973958333333 0.168981481481 0.0510416666667 0.0435185185185
1 0.984895833333 0.1375 0.0291666666667 0.137962962963
0 0.393229166667 0.119907407407 0.0614583333333 0.0490740740741
6 0.498177083333 0.130555555556 0.0401041666667 0.0333333333333
0 0.529947916667 0.138425925926 0.0380208333333 0.025
0 0.0986979166667 0.0703703703704 0.102604166667 0.0611111111111
0 0.0294270833333 0.0708333333333 0.0588541666667 0.0490740740741
