0 0.80703125 0.293055555556 0.0286458333333 0.0453703703704
0 0.856770833333 0.282407407407 0.0479166666667 0.0574074074074
0 0.894791666667 0.279166666667 0.0572916666667 0.0527777777778
1 0.958333333333 0.222685185185 0.0625 0.125
0 0.652604166667 0.341203703704 0.0447916666667 0.0916666666667
0 0.59765625 0.365740740741 0.0713541666667 0.112962962963
0 0.372135416667 0.398148148148 0.125520833333 0.144444444444
1 0.462760416667 0.445833333333 0.3953125 0.891666666667
6 0.497916666667 0.245833333333 0.0375 0.0342592592593
6 0.522135416667 0.250462962963 0.0182291666667 0.0287037037037
0 0.539322916667 0.253240740741 0.0192708333333 0.0268518518519
6 0.699739583333 0.276388888889 0.0244791666667 0.025
