1 0.5515625 0.390740740741 0.359375 0.781481481481
0 0.506510416667 0.493981481481 0.269270833333 0.193518518519
0 0.148697916667 0.674074074074 0.203645833333 0.407407407407
0 0.9578125 0.275 0.0572916666667 0.0555555555556
0 0.74296875 0.271296296296 0.0286458333333 0.0685185185185
6 0.772135416667 0.262037037037 0.0255208333333 0.0240740740741
0 0.852083333333 0.278240740741 0.0416666666667 0.0416666666667
0 0.41015625 0.220833333333 0.0651041666667 0.0509259259259
0 0.345052083333 0.221296296296 0.0651041666667 0.0388888888889
6 0.566666666667 0.228240740741 0.0354166666667 0.0361111111111
6 0.58984375 0.234259259259 0.0265625 0.0277777777778
