0 0.0643229166667 0.192592592593 0.100520833333 0.0759259259259
1 0.483333333333 0.395833333333 0.359375 0.791666666667
0 0.44609375 0.483333333333 0.286979166667 0.225925925926
0 0.439583333333 0.375462962963 0.119791666667 0.108333333333
0 0.93125 0.269444444444 0.065625 0.0444444444444
1 0.969270833333 0.212962962963 0.0604166666667 0.157407407407
6 0.704427083333 0.269444444444 0.0296875 0.0259259259259
0 0.479947916667 0.224537037037 0.0765625 0.0509259259259
0 0.846354166667 0.290740740741 0.0270833333333 0.0555555555556
0 0.807552083333 0.2875 0.0359375 0.037962962963
