1 0.472916666667 0.428703703704 0.564583333333 0.857407407407
0 0.73671875 0.382407407407 0.0557291666667 0.0981481481481
0 0.666145833333 0.402314814815 0.0875 0.102777777778
0 0.49609375 0.425 0.115104166667 0.111111111111
0 0.91484375 0.32962962963 0.0296875 0.0462962962963
0 0.96484375 0.322222222222 0.0453125 0.0555555555556
0 0.98828125 0.321296296296 0.0223958333333 0.0481481481481
6 0.58984375 0.278240740741 0.0390625 0.0398148148148
0 0.63125 0.286111111111 0.0395833333333 0.0314814814815
6 0.798177083333 0.310648148148 0.0276041666667 0.025
