0 0.8703125 0.531481481481 0.11875 0.151851851852
0 0.933072916667 0.349537037037 0.0390625 0.0268518518519
0 0.537760416667 0.286111111111 0.0338541666667 0.0314814814815
0 0.646354166667 0.299074074074 0.0333333333333 0.0277777777778
6 0.620833333333 0.314814814815 0.0302083333333 0.0166666666667
5 0.609375 0.314351851852 0.00729166666667 0.0175925925926
5 0.614583333333 0.315277777778 0.00729166666667 0.0212962962963
1 0.4328125 0.364814814815 0.725 0.72962962963
0 0.764583333333 0.52037037037 0.110416666667 0.116666666667
0 0.68671875 0.630092592593 0.161979166667 0.336111111111
0 0.490364583333 0.520833333333 0.213020833333 0.20462962963
