0 0.05859375 0.494907407407 0.0890625 0.175
1 0.50859375 0.404166666667 0.340104166667 0.760185185185
0 0.542708333333 0.525925925926 0.279166666667 0.194444444444
0 0.780208333333 0.381481481481 0.0958333333333 0.137037037037
0 0.675260416667 0.367592592593 0.0859375 0.0888888888889
0 0.752083333333 0.289814814815 0.040625 0.0388888888889
6 0.821354166667 0.293981481481 0.0270833333333 0.025
6 0.612239583333 0.259259259259 0.0369791666667 0.0314814814815
6 0.638541666667 0.263425925926 0.021875 0.0212962962963
0 0.925 0.315740740741 0.0739583333333 0.0666666666667
0 0.966145833333 0.322685185185 0.0572916666667 0.0675925925926
