0 0.8265625 0.195833333333 0.046875 0.062037037037
0 0.86640625 0.189351851852 0.0432291666667 0.0546296296296
0 0.96015625 0.171759259259 0.0494791666667 0.0398148148148
1 0.973177083333 0.143055555556 0.0526041666667 0.100925925926
0 0.70625 0.201388888889 0.0354166666667 0.0731481481481
0 0.163541666667 0.10462962963 0.0854166666667 0.0666666666667
0 0.33828125 0.135648148148 0.0640625 0.0435185185185
6 0.522135416667 0.138888888889 0.0380208333333 0.0388888888889
1 0.10078125 0.106481481481 0.0859375 0.0833333333333
0 0.700520833333 0.168981481481 0.0302083333333 0.0416666666667
6 0.7265625 0.173148148148 0.0260416666667 0.0314814814815
0 0.2328125 0.338425925926 0.155208333333 0.169444444444
0 0.4515625 0.376851851852 0.284375 0.227777777778
0 0.294010416667 0.385185185185 0.2234375 0.174074074074
1 0.441927083333 0.343518518519 0.491145833333 0.687037037037
