3 0.68793911007 0.792708333333 0.0667447306792 0.10625
3 0.815573770492 0.932291666667 0.0386416861827 0.09375
3 0.873536299766 0.9125 0.0491803278689 0.108333333333
4 0.979508196721 0.919791666667 0.0386416861827 0.135416666667
1 0.512295081967 0.457291666667 0.0480093676815 0.15625
1 0.451405152225 0.284375 0.0409836065574 0.16875
1 0.471896955504 0.108333333333 0.0538641686183 0.1625
1 0.623536299766 0.2 0.0901639344262 0.116666666667
1 0.761709601874 0.065625 0.0644028103044 0.13125
1 0.840163934426 0.0458333333333 0.0409836065574 0.0916666666667
1 0.172716627635 0.178125 0.0831381733021 0.147916666667
1 0.176229508197 0.43125 0.0386416861827 0.166666666667
1 0.113583138173 0.4875 0.0679156908665 0.104166666667
1 0.0386416861827 0.45625 0.0772833723653 0.104166666667
3 0.277517564403 0.241666666667 0.0608899297424 0.0916666666667
3 0.287470725995 0.0833333333333 0.0550351288056 0.0583333333333
3 0.328454332553 0.479166666667 0.0644028103044 0.0916666666667
1 0.415105386417 0.0572916666667 0.0456674473068 0.114583333333
