1 0.565104166667 0.588425925926 0.586458333333 0.573148148148
0 0.20234375 0.638425925926 0.227604166667 0.315740740741
0 0.166927083333 0.574537037037 0.2859375 0.187962962963
0 0.09453125 0.509259259259 0.1890625 0.211111111111
0 0.9453125 0.339814814815 0.071875 0.0425925925926
0 0.838541666667 0.0625 0.0302083333333 0.0342592592593
0 0.774479166667 0.0726851851852 0.03125 0.0342592592593
0 0.642447916667 0.0819444444444 0.0359375 0.0342592592593
0 0.53046875 0.0972222222222 0.0369791666667 0.0296296296296
0 0.522395833333 0.0875 0.0354166666667 0.0324074074074
0 0.457552083333 0.0962962962963 0.0411458333333 0.0351851851852
0 0.40078125 0.1 0.0390625 0.0333333333333
4 0.403385416667 0.0833333333333 0.0317708333333 0.0518518518519
0 0.35703125 0.100462962963 0.0432291666667 0.0342592592593
0 0.322916666667 0.108333333333 0.0270833333333 0.0388888888889
4 0.216666666667 0.100462962963 0.04375 0.0546296296296
4 0.246614583333 0.100925925926 0.0442708333333 0.037037037037
