0 0.0192708333333 0.433796296296 0.0385416666667 0.165740740741
0 0.140104166667 0.548611111111 0.188541666667 0.260185185185
0 0.519270833333 0.543518518519 0.261458333333 0.194444444444
1 0.570833333333 0.386111111111 0.2875 0.648148148148
0 0.872135416667 0.0578703703704 0.0359375 0.0342592592593
0 0.798958333333 0.0606481481481 0.0364583333333 0.0342592592593
0 0.751822916667 0.0638888888889 0.0307291666667 0.0314814814815
0 0.551822916667 0.0819444444444 0.0442708333333 0.0342592592593
4 0.524739583333 0.0648148148148 0.0296875 0.0537037037037
0 0.454166666667 0.0805555555556 0.03125 0.0296296296296
4 0.434635416667 0.0578703703704 0.0286458333333 0.0416666666667
0 0.342447916667 0.0939814814815 0.0463541666667 0.0324074074074
4 0.312760416667 0.0819444444444 0.0453125 0.062037037037
