0 0.822599531616 0.775 0.174473067916 0.2125
3 0.577283372365 0.769791666667 0.170960187354 0.227083333333
1 0.685597189696 0.563541666667 0.0878220140515 0.11875
1 0.837236533958 0.560416666667 0.0608899297424 0.1375
1 0.906908665105 0.540625 0.106557377049 0.102083333333
1 0.446135831382 0.607291666667 0.0772833723653 0.102083333333
1 0.463114754098 0.539583333333 0.059718969555 0.1
1 0.542154566745 0.525 0.0327868852459 0.0958333333333
1 0.514637002342 0.507291666667 0.059718969555 0.0979166666667
1 0.570257611241 0.4875 0.0679156908665 0.0833333333333
1 0.186182669789 0.527083333333 0.07962529274 0.0875
1 0.117096018735 0.527083333333 0.0866510538642 0.0791666666667
1 0.0854800936768 0.490625 0.07962529274 0.0770833333333
1 0.0374707259953 0.597916666667 0.0749414519906 0.1375
1 0.333138173302 0.478125 0.036299765808 0.0520833333333
1 0.245316159251 0.4875 0.036299765808 0.0708333333333
1 0.0210772833724 0.492708333333 0.0421545667447 0.0854166666667
0 0.967798594848 0.588541666667 0.0620608899297 0.08125
3 0.28981264637 0.609375 0.0807962529274 0.135416666667
