1 0.137587822014 0.154166666667 0.076112412178 0.0958333333333
1 0.222482435597 0.153125 0.07962529274 0.0729166666667
1 0.285128805621 0.2 0.0784543325527 0.0625
1 0.249414519906 0.297916666667 0.096018735363 0.129166666667
1 0.337822014052 0.269791666667 0.0925058548009 0.09375
1 0.384074941452 0.354166666667 0.0866510538642 0.075
1 0.370608899297 0.175 0.076112412178 0.0916666666667
1 0.451990632319 0.21875 0.0843091334895 0.0666666666667
1 0.57962529274 0.252083333333 0.0702576112412 0.104166666667
1 0.184426229508 0.411458333333 0.0854800936768 0.0979166666667
1 0.205503512881 0.457291666667 0.0784543325527 0.114583333333
1 0.390515222482 0.445833333333 0.0737704918033 0.15
1 0.680913348946 0.408333333333 0.0620608899297 0.125
1 0.733021077283 0.4875 0.07962529274 0.120833333333
1 0.967213114754 0.8125 0.0632318501171 0.2
1 0.241803278689 0.745833333333 0.104215456674 0.0833333333333
1 0.291569086651 0.769791666667 0.112412177986 0.06875
1 0.343091334895 0.819791666667 0.112412177986 0.0729166666667
1 0.255269320843 0.879166666667 0.0866510538642 0.145833333333
1 0.356557377049 0.889583333333 0.111241217799 0.0958333333333
1 0.351288056206 0.961458333333 0.124121779859 0.0729166666667
1 0.760538641686 0.351041666667 0.0667447306792 0.110416666667
1 0.962529274005 0.165625 0.0421545667447 0.135416666667
0 0.172716627635 0.040625 0.0878220140515 0.08125
0 0.273419203747 0.0895833333333 0.0620608899297 0.0833333333333
0 0.404566744731 0.0333333333333 0.0854800936768 0.0666666666667
0 0.477166276347 0.128125 0.0714285714286 0.0729166666667
3 0.212529274005 0.545833333333 0.0620608899297 0.0875
3 0.251756440281 0.60625 0.0655737704918 0.0958333333333
3 0.27224824356 0.658333333333 0.0667447306792 0.0875
3 0.310889929742 0.71875 0.0503512880562 0.0958333333333
3 0.41393442623 0.759375 0.0737704918033 0.0979166666667
3 0.781615925059 0.625 0.0456674473068 0.1
3 0.870608899297 0.609375 0.0644028103044 0.10625
3 0.922131147541 0.5125 0.0620608899297 0.0833333333333
3 0.748829039813 0.220833333333 0.0550351288056 0.108333333333
3 0.926229508197 0.320833333333 0.0444964871194 0.0791666666667
3 0.677400468384 0.03125 0.0386416861827 0.05
3 0.541569086651 0.015625 0.036299765808 0.03125
3 0.276346604215 0.505208333333 0.0444964871194 0.102083333333
3 0.329039812646 0.519791666667 0.0468384074941 0.110416666667
